100
1000000000
-1000000000
0
9999
9
-21
-5125251
12312421
-425345
-12354
123
1000000000
-1000000000
0
9999
9
-21
-5125251
12312421
-425345
-12354
1000000000
-1000000000
0
9999
9
-21
-5125251
12312421
-425345
-12354
1000000000
-1000000000
0
9999
9
-21
-5125251
12312421
-425345
-12354
1000000000
-1000000000
0
9999
9
-21
-5125251
12312421
-425345
-12354
1000000000
-1000000000
0
9999
9
-21
-5125251
12312421
-425345
-12354
1000000000
-1000000000
0
9999
9
-21
-5125251
12312421
-425345
-12354
1000000000
-1000000000
0
9999
9
-21
-5125251
12312421
-425345
-12354
9999
9
-21
-5125251
12312421
-425345
-123549999
9
-21
-5125251
12312421
-425345
-12354
-123549999
-123549999
-123549999
-123549999
